firstlogin=1459695638129
lastlogin=1472648523867
posX=2174.1439655886916
posY=29.0
posZ=2303.7767400080334
timeplayed=204716130
