timeplayed=11575957
posY=64.20396498635981
posX=392.41950907929635
posZ=1905.5666484458118
firstlogin=1445599780781
lastlogin=1448806842122
nation=-1
