posX=1176.6626692687894
posY=95.36185561247815
posZ=1151.0641996518864
nation=-1
firstlogin=1445599780781
lastlogin=1453339267175
timeplayed=11740959
