posX=1073.5093281508227
posY=94.64739934628304
posZ=1123.396073021809
nation=-1
firstlogin=1445599780781
lastlogin=1454968902243
timeplayed=11891661
