firstlogin=1459695638129
lastlogin=1476870206463
posX=1020.581963463197
posY=31.0
posZ=997.5215966783095
timeplayed=204800910
