posX=1610.3567102859051
posY=52.629189373752205
posZ=2112.740499988077
firstlogin=1448801611585
lastlogin=1448810950929
timeplayed=665156
