posX=376.6187585233001
posY=63.0
posZ=1897.7773493844782
firstlogin=1448805337041
lastlogin=1448810135040
timeplayed=1726092
